1,1,53.05,58.61,123.79,60.629999999999995,1,1,1.0
1,2,91.54,0.0,227.37,64.51,1,1,1.0
1,3,313.01,0.0,400.84000000000003,118.4,1,1,1.0
2,1,37.89,54.4,123.79,60.63,1,1,1.0
2,2,91.54,0.0,227.37,64.51,1,1,1.0
2,3,312.95,0.0,400.84,118.4,1,1,1.0
3,1,15.16,50.19,123.78999999999999,60.629999999999995,1,1,1.0
3,2,91.54,0.0,227.37,64.51,1,1,1.0
3,3,312.88,0.0,400.84000000000003,118.4,1,1,1.0
4,1,4.21,48.51,112.89,60.63,1,1,1.0
4,2,91.54,0.0,227.37,64.51,1,1,1.0
4,3,312.82,0.0,400.84,118.4,1,1,1.0
5,1,0.0,48.51,95.2,60.63,1,1,1.0
5,2,91.54,0.0,227.37,64.51,1,1,1.0
5,3,312.75,0.0,400.84000000000003,118.4,1,1,1.0
6,1,0.0,48.51,80.0,60.63,1,1,1.0
6,2,91.54,0.0,227.37,64.51,1,1,1.0
6,3,312.69,0.0,400.84,118.4,1,1,1.0
7,1,0.0,42.6,57.3,52.199999999999996,1,1,1.0
7,2,91.54,0.0,227.37,64.51,1,1,1.0
7,3,312.62,0.0,400.84000000000003,118.4,1,1,1.0
8,1,0.0,41.76,43.9,48.839999999999996,1,1,1.0
8,2,91.54,0.0,227.37,64.51,1,1,1.0
8,3,312.56,0.0,400.84,118.4,1,1,1.0
9,1,0.0,42.6,25.4,40.4,1,1,1.0
9,2,91.54,0.0,227.37,64.51,1,1,1.0
9,3,312.49,0.0,400.84000000000003,118.4,1,1,1.0
10,1,0.0,42.6,14.5,36.99999999999999,1,1,1.0
10,2,91.54,0.0,227.37,64.51,1,1,1.0
10,3,312.43,0.0,400.84,118.4,1,1,1.0
11,2,91.54,0.0,227.37,64.51,1,1,1.0
11,3,312.36,0.0,400.84000000000003,118.4,1,1,1.0
12,2,91.54,0.0,227.37,64.51,1,1,1.0
12,3,312.3,0.0,400.84,118.4,1,1,1.0
13,2,91.54,0.0,227.37,64.51,1,1,1.0
13,3,312.23,0.0,400.84000000000003,118.4,1,1,1.0
13,4,778.24,154.26,181.76,110.48000000000002,1,1,1.0
14,2,91.54,0.0,227.37,64.51,1,1,1.0
14,3,312.17,0.0,400.84,118.4,1,1,1.0
14,4,736.53,149.75,223.47000000000003,110.48000000000002,1,1,1.0
15,2,91.54,0.0,227.37,64.51,1,1,1.0
15,3,312.1,0.0,400.84000000000003,118.4,1,1,1.0
15,4,696.0,146.37,264.0,110.48000000000002,1,1,1.0
16,2,91.54,0.0,227.37,64.51,1,1,1.0
16,3,312.04,0.0,400.84,118.4,1,1,1.0
16,4,657.67,132.84,269.63,110.47999999999999,1,1,1.0
17,2,91.54,0.0,227.37,64.51,1,1,1.0
17,3,311.97,0.0,400.8399999999999,118.4,1,1,1.0
17,4,613.7,122.69,269.63,110.47999999999999,1,1,1.0
17,5,0.0,156.51,84.93,117.25,1,1,1.0
18,2,91.54,0.0,227.37,64.51,1,1,1.0
18,3,311.91,0.0,400.84,118.4,1,1,1.0
18,4,582.03,118.86,261.5,106.76,1,1,1.0
18,5,0.0,165.31,116.27,123.88999999999999,1,1,1.0
19,2,91.54,0.0,227.37,64.51,1,1,1.0
19,3,311.84,0.0,400.84,118.4,1,1,1.0
19,4,550.35,115.04,253.38,103.02,1,1,1.0
19,5,0.0,174.1,121.7,130.54999999999998,1,1,1.0
20,2,91.54,0.0,227.37,64.51,1,1,1.0
20,3,311.78,0.0,400.84000000000003,118.4,1,1,1.0
20,4,515.4,111.21,248.70000000000005,99.29,1,1,1.0
20,5,0.0,182.89,142.7,125.91000000000003,1,1,1.0
21,2,91.54,0.0,227.37,64.51,1,1,1.0
21,3,311.71,0.0,400.84,118.4,1,1,1.0
21,4,483.71,105.12,240.07999999999998,95.57,1,1,1.0
21,5,0.0,191.69,173.6,133.01,1,1,1.0
22,2,91.54,0.0,227.37,64.51,1,1,1.0
22,3,311.65,0.0,400.84000000000003,118.4,1,1,1.0
22,4,457.27,101.67,231.47000000000003,91.83999999999999,1,1,1.0
22,5,0.0,200.48,199.8,133.62000000000003,1,1,1.0
23,2,91.54,0.0,227.37,64.51,1,1,1.0
23,3,311.58,0.0,400.84,118.4,1,1,1.0
23,4,430.84,98.21,222.85000000000008,88.12000000000002,1,1,1.0
23,5,13.5,209.27,226.01,143.65,1,1,1.0
24,2,91.54,0.0,227.37,64.51,1,1,1.0
24,3,311.52,0.0,400.84000000000003,118.4,1,1,1.0
24,4,404.4,94.76,214.25,84.37999999999998,1,1,1.0
24,5,36.9,218.06,242.30999999999997,153.68,1,1,1.0
25,2,91.54,0.0,227.37,64.51,1,1,1.0
25,3,311.45,0.0,400.84,118.4,1,1,1.0
25,4,377.97,91.31,205.63,80.65,1,1,1.0
25,5,60.3,226.86,258.62,163.7,1,1,1.0
26,2,91.54,0.0,227.37,64.51,1,1,1.0
26,3,311.39,0.0,400.84000000000003,118.4,1,1,1.0
26,4,351.53,87.85,197.01999999999998,76.93,1,1,1.0
26,5,89.34,235.65,269.28,173.73,1,1,1.0
27,2,91.54,0.0,227.37,64.51,1,1,1.0
27,3,311.32,0.0,400.84,118.4,1,1,1.0
27,4,325.1,84.4,188.39999999999998,73.19999999999999,1,1,1.0
27,5,118.37,244.45,279.96,183.75,1,1,1.0
28,2,91.54,0.0,227.37,64.51,1,1,1.0
28,3,311.26,0.0,400.84000000000003,118.4,1,1,1.0
28,4,305.93,83.27,188.39999999999998,73.2,1,1,1.0
28,5,144.3,255.72,294.59999999999997,194.98,1,1,1.0
29,2,91.54,0.0,227.37,64.51,1,1,1.0
29,3,311.19,0.0,400.84,118.4,1,1,1.0
29,4,287.33,77.07,180.52000000000004,73.20000000000002,1,1,1.0
29,5,180.8,272.64,325.59999999999997,200.39,1,1,1.0
30,2,91.54,0.0,227.37,64.51,1,1,1.0
30,3,311.13,0.0,400.84000000000003,118.4,1,1,1.0
30,4,268.73,70.87,172.64,73.19999999999999,1,1,1.0
30,5,217.29,289.56,356.61,205.79000000000002,1,1,1.0
31,2,91.54,0.0,227.37,64.51,1,1,1.0
31,3,311.06,0.0,400.84,118.4,1,1,1.0
31,4,250.13,64.67,164.75,73.2,1,1,1.0
31,5,253.79,306.48,387.61,211.19999999999993,1,1,1.0
32,2,91.54,0.0,227.37,64.51,1,1,1.0
32,3,311.0,0.0,400.84000000000003,118.4,1,1,1.0
32,4,231.53,58.47,156.86999999999998,73.19999999999999,1,1,1.0
32,5,290.29,323.4,418.60999999999996,216.60000000000002,1,1,1.0
32,6,769.23,132.84,190.76999999999998,129.64000000000001,1,1,1.0
33,2,91.54,0.0,227.37,64.51,1,1,1.0
33,3,310.93,0.0,400.84,118.4,1,1,1.0
33,4,211.07,56.52,156.87,73.19999999999999,1,1,1.0
33,5,356.66,347.5,404.13999999999993,192.5,1,1,1.0
33,6,731.2,132.84,228.79999999999995,109.16,1,1,1.0
34,2,91.54,0.0,227.37,64.51,1,1,1.0
34,3,310.87,0.0,400.84000000000003,118.4,1,1,1.0
34,4,197.43,54.57,156.87,73.19999999999999,1,1,1.0
34,5,403.5,371.3,471.0,168.7,1,1,1.0
34,6,690.28,124.07,250.22000000000003,109.16,1,1,1.0
35,2,91.54,0.0,227.37,64.51,1,1,1.0
35,3,310.8,0.0,400.84,118.4,1,1,1.0
35,4,180.9,52.62,146.1,73.18,1,1,1.0
35,5,479.64,395.6,435.36,144.39999999999998,1,1,1.0
35,6,648.38,121.15,250.22000000000003,104.25,1,1,1.0
36,2,91.54,0.0,227.37,64.51,1,1,1.0
36,3,310.74,0.0,400.84000000000003,118.4,1,1,1.0
36,4,167.26,49.7,146.10000000000002,73.17999999999999,1,1,1.0
36,5,555.78,420.9,382.32000000000005,119.10000000000002,1,1,1.0
36,6,606.48,110.43,250.23000000000002,102.26999999999998,1,1,1.0
37,2,91.54,0.0,227.37,64.51,1,1,1.0
37,3,310.67,0.0,400.84,118.4,1,1,1.0
37,4,153.6,52.6,138.32000000000002,67.35,1,1,1.0
37,5,633.7,441.4,326.29999999999995,98.60000000000002,1,1,1.0
37,6,571.4,109.5,234.60000000000002,85.69999999999999,1,1,1.0
38,2,91.54,0.0,227.37,64.51,1,1,1.0
38,3,310.61,0.0,400.84000000000003,118.4,1,1,1.0
38,4,138.01,48.7,138.32,67.36,1,1,1.0
38,5,730.2,479.4,229.79999999999995,60.60000000000002,1,1,1.0
38,6,537.3,101.71,234.60000000000002,85.7,1,1,1.0
39,2,91.54,0.0,227.37,64.51,1,1,1.0
39,3,310.54,0.0,400.84,118.4,1,1,1.0
39,4,121.45,43.83,138.32,67.35000000000001,1,1,1.0
39,6,499.3,90.99,234.59999999999997,85.7,1,1,1.0
40,2,91.54,0.0,227.37,64.51,1,1,1.0
40,3,310.48,0.0,400.84000000000003,118.4,1,1,1.0
40,4,110.53,41.69,134.33,66.28,1,1,1.0
40,6,477.0,85.53,215.5,84.91999999999999,1,1,1.0
41,2,91.54,0.0,227.37,64.51,1,1,1.0
41,3,310.41,0.0,400.84,118.4,1,1,1.0
41,4,99.62,39.54,130.32999999999998,65.21000000000001,1,1,1.0
41,6,454.7,80.07,196.40000000000003,84.15,1,1,1.0
42,2,91.54,0.0,227.37,64.51,1,1,1.0
42,3,310.35,0.0,400.84000000000003,118.4,1,1,1.0
42,4,88.71,37.4,126.34000000000002,64.14000000000001,1,1,1.0
42,6,428.1,76.43,193.76,83.38,1,1,1.0
43,2,91.54,0.0,227.37,64.51,1,1,1.0
43,3,310.28,0.0,400.84000000000003,118.4,1,1,1.0
43,4,77.79,35.26,122.34999999999998,63.059999999999995,1,1,1.0
43,6,401.5,72.8,191.13,82.60000000000001,1,1,1.0
44,2,91.54,0.0,227.37,64.51,1,1,1.0
44,3,310.22,0.0,400.8399999999999,118.4,1,1,1.0
44,4,66.88,33.12,118.35,61.99,1,1,1.0
44,6,378.18,69.17,185.20999999999998,81.82000000000001,1,1,1.0
45,2,91.54,0.0,227.37,64.51,1,1,1.0
45,3,310.15,0.0,400.84000000000003,118.4,1,1,1.0
45,4,55.97,30.97,114.36000000000001,60.92,1,1,1.0
45,6,354.85,65.53,179.29999999999995,81.05000000000001,1,1,1.0
46,2,91.54,0.0,227.37,64.51,1,1,1.0
46,3,310.09,0.0,400.84,118.4,1,1,1.0
46,4,45.06,28.83,110.35999999999999,59.85000000000001,1,1,1.0
46,6,331.53,61.9,173.38000000000005,80.26999999999998,1,1,1.0
47,2,91.54,0.0,227.37,64.51,1,1,1.0
47,3,310.09,0.0,400.84,118.4,1,1,1.0
47,4,34.14,26.69,106.36999999999999,58.769999999999996,1,1,1.0
47,6,308.21,58.27,167.47000000000003,79.48999999999998,1,1,1.0
48,2,91.54,0.0,227.37,64.51,1,1,1.0
48,3,310.09,0.0,400.84,118.4,1,1,1.0
48,4,23.23,24.54,102.38,57.71,1,1,1.0
48,6,284.88,54.63,161.56,78.72,1,1,1.0
49,2,91.54,0.0,227.37,64.51,1,1,1.0
49,3,310.09,0.0,400.84,118.4,1,1,1.0
49,4,12.32,22.4,98.38,56.63,1,1,1.0
49,6,261.56,51.0,155.64,77.94,1,1,1.0
50,2,91.54,0.0,227.37,64.51,1,1,1.0
50,3,310.09,0.0,400.84,118.4,1,1,1.0
50,4,6.5,22.4,104.2,56.63,1,1,1.0
50,6,245.0,47.1,155.64,77.94999999999999,1,1,1.0
51,2,91.54,0.0,227.37,64.51,1,1,1.0
51,3,310.09,0.0,400.84,118.4,1,1,1.0
51,4,0.0,21.43,91.2,55.669999999999995,1,1,1.0
51,6,223.56,44.18,142.94,73.12,1,1,1.0
52,2,91.54,0.0,227.37,64.51,1,1,1.0
52,3,310.09,0.0,400.84,118.4,1,1,1.0
52,4,0.0,21.43,81.5,50.77,1,1,1.0
52,6,212.84,41.26,128.35999999999999,68.24000000000001,1,1,1.0
53,2,91.54,0.0,227.37,64.51,1,1,1.0
53,3,310.09,0.0,400.84,118.4,1,1,1.0
53,4,0.0,21.43,71.3,44.27,1,1,1.0
53,6,191.01,37.62,131.29000000000002,66.08000000000001,1,1,1.0
54,2,91.54,0.0,227.37,64.51,1,1,1.0
54,3,310.09,0.0,400.84,118.4,1,1,1.0
54,4,0.0,21.43,58.9,41.37,1,1,1.0
54,6,177.18,39.07,126.92000000000002,60.23,1,1,1.0
55,2,91.54,0.0,227.37,64.51,1,1,1.0
55,3,310.09,0.0,400.84,118.4,1,1,1.0
55,4,0.0,21.43,53.1,40.67,1,1,1.0
55,6,169.17,39.07,116.72999999999999,52.93,1,1,1.0
56,2,91.54,0.0,227.37,64.51,1,1,1.0
56,3,310.09,0.0,400.84,118.4,1,1,1.0
56,4,0.0,21.43,45.1,37.77,1,1,1.0
56,6,148.07,39.07,116.72000000000003,52.93,1,1,1.0
57,2,91.54,0.0,227.37,64.51,1,1,1.0
57,3,310.09,0.0,400.84,118.4,1,1,1.0
57,4,0.0,21.43,36.4,37.07,1,1,1.0
57,6,138.6,38.35,116.73000000000002,52.919999999999995,1,1,1.0
58,2,91.54,0.0,227.37,64.51,1,1,1.0
58,3,310.09,0.0,400.84,118.4,1,1,1.0
58,4,0.0,21.43,28.4,34.17,1,1,1.0
58,6,121.87,37.62,116.72,52.92000000000001,1,1,1.0
59,2,91.54,0.0,227.37,64.51,1,1,1.0
59,3,310.09,0.0,400.84,118.4,1,1,1.0
59,4,0.0,21.43,18.9,31.97,1,1,1.0
59,6,107.31,36.89,116.72999999999999,52.92999999999999,1,1,1.0
60,2,91.54,0.0,227.37,64.51,1,1,1.0
60,3,310.09,0.0,400.84,118.4,1,1,1.0
60,6,100.76,34.71,102.93999999999998,49.29,1,1,1.0
